0.853221 0.546325 0.805876 0.818334 0.916423 0.448712 0.514942 0.793982 0.486193 0.640853 0.593613 0.690697 0.530391 0.615375 0.954379 0.9206 0.695438 0.754555 0.424297 0.675734 0.374328 0.469523 0.422446 0.823042 0.430742 0.549921 0.419315 0.410608 1 0.4581 0.615087 0.852304 
0.697582 0.50827 0.715179 0.638593 0.619284 1 0.506486 0.817571 0.640165 0.816392 0.564087 0.921967 0.501847 0.537774 0.847851 0.94767 0.405344 0.976825 0.639685 0.412005 0.458149 0.733778 0.920772 0.53586 0.403087 0.385678 0.597457 0.402653 0.479748 0.997861 0.931865 0.885276 
0.501675 0.659213 0.559193 0.821832 0.641508 0.749204 0.65386 0.399641 0.595216 0.975668 0.974668 0.790163 0.510597 0.804179 0.728703 0.547485 0.764444 0.453621 0.596686 0.926452 0.880498 0.534656 0.483115 0.938854 0.54547 0.763533 1 0.692236 0.741438 0.906838 0.596362 0.968024 
0.556374 0.843678 0.740423 0.928876 0.605161 0.46351 0.966089 0.93742 0.432968 0.901505 0.709162 0.575338 0.694089 0.494755 0.819755 0.50799 0.58408 0.468301 0.450581 0.492374 0.651611 0.566516 0.442575 0.925013 0.414128 0.423723 0.613051 0.799094 1 0.95147 0.740591 0.547954 
0.80442 0.549503 0.510051 0.479437 0.68187 0.485298 0.442633 0.790368 0.430878 0.840352 0.447847 0.800648 0.409477 0.982848 0.400566 0.640285 0.453303 0.483191 0.843996 0.790768 0.73283 1 0.720401 0.812475 0.417311 0.434959 0.639419 0.410996 0.407588 0.466382 0.602912 0.862666 
0.652676 0.783164 0.387494 0.430768 1 0.451281 0.8958 0.41706 0.997808 0.388316 0.878575 0.395476 0.369416 0.92596 0.666243 0.440598 0.433067 0.544274 0.916707 0.835021 0.526819 0.639219 0.656677 0.578442 0.731538 0.406426 0.625511 0.784507 0.498726 0.992265 0.655064 0.884812 
0.789949 0.701394 0.387448 0.789944 0.860401 0.943443 0.895544 0.858509 0.995847 0.786797 0.922905 1 0.728538 0.614874 0.440596 0.857629 0.909694 0.403895 0.716133 0.479241 0.701794 0.470265 0.753538 0.513385 0.519536 0.471344 0.402752 0.704319 0.467695 0.717155 0.623186 0.987943 
0.514646 0.67152 0.798477 0.435597 0.623233 0.703436 1 0.610547 0.544457 0.907889 0.600613 0.390204 0.549155 0.707628 0.894872 0.491435 0.764264 0.630421 0.629782 0.527629 0.792763 0.466843 0.724339 0.405168 0.588408 0.780099 0.763088 0.735888 0.550349 0.467809 0.715186 0.728214 
0.775976 0.518929 0.783547 0.457421 0.938522 0.74111 0.718038 0.48331 0.636404 0.407906 0.484874 0.898544 0.742124 0.4104 0.41766 0.536461 0.665197 0.676278 0.727744 0.498782 0.811723 0.498584 0.519587 0.451756 1 0.375017 0.854728 0.520542 0.451057 0.578182 0.974602 0.936662 
0.836792 0.783507 0.439592 0.773163 0.571655 0.844697 1 0.973577 0.92207 0.477351 0.861229 0.673674 0.524262 0.962599 0.967144 0.933259 0.640884 0.692912 0.458271 0.512149 0.924528 0.637212 0.619161 0.910183 0.639497 0.521004 0.466438 0.771921 0.806138 0.447538 0.711811 0.637227 
0.908136 0.810388 0.469406 0.490402 0.646638 0.443421 0.451014 0.563239 0.543521 0.997404 0.974325 0.731689 0.906951 0.890148 0.645055 0.549074 0.582651 0.759068 0.722085 0.508857 0.456912 0.422338 0.437514 0.750296 0.565019 0.52402 0.547108 0.430268 0.602199 1 0.704037 0.512203 
0.720564 0.798764 0.607113 0.4364 0.901739 0.697117 0.625783 0.459037 0.651221 0.571056 0.855107 0.553176 0.476094 0.516617 0.773285 0.706231 0.998379 0.522974 0.914931 0.427247 0.562323 0.374914 0.816127 0.808899 0.500179 0.418198 0.886094 0.766852 0.391682 0.584288 1 0.756874 
0.507712 0.660453 0.976733 0.45167 0.454224 0.603006 0.556015 0.793261 0.92346 0.469062 0.432915 0.433744 0.649854 0.897758 0.821481 0.640079 0.463193 0.741495 0.733382 0.698497 0.745516 0.590488 0.557419 1 0.662232 0.487286 0.756544 0.695603 0.763534 0.746375 0.519407 0.942787 
0.425863 0.438283 1 0.470444 0.642753 0.497462 0.907594 0.53105 0.567489 0.955567 0.560191 0.896893 0.767527 0.411725 0.513627 0.864615 0.742477 0.916105 0.540332 0.495237 0.483982 0.732505 0.443084 0.779484 0.868085 0.815245 0.485112 0.593012 0.544401 0.612798 0.500208 0.583927 
0.679264 0.465396 0.694757 0.404537 0.583112 0.584251 0.541083 0.833449 0.517293 0.763431 0.69262 1 0.791675 0.896008 0.801122 0.544634 0.760559 0.401083 0.679342 0.927112 0.739971 0.758132 0.669599 0.595186 0.572675 0.818138 0.888968 0.78523 0.464537 0.412014 0.424845 0.791465 
0.474797 0.730865 0.792801 0.694437 0.394018 0.395828 0.534061 0.511241 0.757966 0.927809 0.471742 0.553701 0.767095 0.947929 0.756404 0.538345 0.953639 0.474156 0.460545 0.651145 0.901651 0.773499 0.972082 0.476459 0.583936 0.797385 0.938417 0.680391 0.824049 1 0.4969 0.994109 
